-4.000000000000000000e+01 2.575760836880053972e+00
-3.950000000000000000e+01 2.639112048835381863e+00
-3.900000000000000000e+01 2.697451174757629300e+00
-3.850000000000000000e+01 2.751118889929833777e+00
-3.800000000000000000e+01 2.800439223903424146e+00
-3.750000000000000000e+01 2.845720087699554757e+00
-3.700000000000000000e+01 2.887253791672912406e+00
-3.650000000000000000e+01 2.925317554098668449e+00
-3.600000000000000000e+01 2.960174000543268846e+00
-3.550000000000000000e+01 2.992071654079743404e+00
-3.500000000000000000e+01 3.021245416408221640e+00
-3.450000000000000000e+01 3.047917039942335649e+00
-3.400000000000000000e+01 3.072295590922196951e+00
-3.350000000000000000e+01 3.094577903614632586e+00
-3.300000000000000000e+01 3.114949025661365223e+00
-3.250000000000000000e+01 3.133582654635815423e+00
-3.200000000000000000e+01 3.150641565869223726e+00
-3.150000000000000000e+01 3.166278031606761800e+00
-3.100000000000000000e+01 3.180634231554327673e+00
-3.050000000000000000e+01 3.193842654876708043e+00
-3.000000000000000000e+01 3.206026493707787584e+00
-2.950000000000000000e+01 3.217300028233493148e+00
-2.900000000000000000e+01 3.227769003408160309e+00
-2.850000000000000000e+01 3.237530997364998164e+00
-2.800000000000000000e+01 3.246675781581348730e+00
-2.750000000000000000e+01 3.255285672859412394e+00
-2.700000000000000000e+01 3.263435877183133549e+00
-2.650000000000000000e+01 3.271194825511931192e+00
-2.600000000000000000e+01 3.278624501571949512e+00
-2.550000000000000000e+01 3.285780761705524355e+00
-2.500000000000000000e+01 3.292713646839540154e+00
-2.450000000000000000e+01 3.299467686633374086e+00
-2.400000000000000000e+01 3.306082195867095397e+00
-2.350000000000000000e+01 3.312591563130622863e+00
-2.300000000000000000e+01 3.319025531874506552e+00
-2.250000000000000000e+01 3.325409473883034650e+00
-2.200000000000000000e+01 3.331764655230343930e+00
-2.150000000000000000e+01 3.338108494780205771e+00
-2.100000000000000000e+01 3.344454815290197391e+00
-2.050000000000000000e+01 3.350814087180922662e+00
-2.000000000000000000e+01 3.357193665030970831e+00
-1.950000000000000000e+01 3.363598016858312612e+00
-1.900000000000000000e+01 3.370028946248786461e+00
-1.850000000000000000e+01 3.376485807392397120e+00
-1.800000000000000000e+01 3.382965713088083692e+00
-1.750000000000000000e+01 3.389463735777652253e+00
-1.700000000000000000e+01 3.395973101669560901e+00
-1.650000000000000000e+01 3.402485378013226924e+00
-1.600000000000000000e+01 3.408990653584562658e+00
-1.550000000000000000e+01 3.415477712443406588e+00
-1.500000000000000000e+01 3.421934201023540734e+00
-1.450000000000000000e+01 3.428346788615975971e+00
-1.400000000000000000e+01 3.434701321306202093e+00
-1.350000000000000000e+01 3.440982969426066074e+00
-1.300000000000000000e+01 3.447176368580980643e+00
-1.250000000000000000e+01 3.453265754313136426e+00
-1.200000000000000000e+01 3.459235090461419748e+00
-1.150000000000000000e+01 3.465068191278689813e+00
-1.100000000000000000e+01 3.470748837367133799e+00
-1.050000000000000000e+01 3.476260885492355790e+00
-1.000000000000000000e+01 3.481588372336913650e+00
-9.500000000000000000e+00 3.486715612253951768e+00
-9.000000000000000000e+00 3.491627289081649099e+00
-8.500000000000000000e+00 3.496308542079147763e+00
-8.000000000000000000e+00 3.500745046044644315e+00
-7.500000000000000000e+00 3.504923085676350691e+00
-7.000000000000000000e+00 3.508829624236976308e+00
-6.500000000000000000e+00 3.512452366582441421e+00
-6.000000000000000000e+00 3.515779816615502984e+00
-5.500000000000000000e+00 3.518801329224959584e+00
-5.000000000000000000e+00 3.521507156771144231e+00
-4.500000000000000000e+00 3.523888490178377353e+00
-4.000000000000000000e+00 3.525937494695055019e+00
-3.500000000000000000e+00 3.527647340382082497e+00
-3.000000000000000000e+00 3.529012227390309508e+00
-2.500000000000000000e+00 3.530027406087672848e+00
-2.000000000000000000e+00 3.530689192096721385e+00
-1.500000000000000000e+00 3.530994976303202915e+00
-1.000000000000000000e+00 3.530943229896416291e+00
-5.000000000000000000e-01 3.530533504501986553e+00
0.000000000000000000e+00 3.529766427467775358e+00
5.000000000000000000e-01 3.528643692363587103e+00
1.000000000000000000e+00 3.527168044755374154e+00
1.500000000000000000e+00 3.525343263314610898e+00
2.000000000000000000e+00 3.523174136323533823e+00
2.500000000000000000e+00 3.520666433636920889e+00
3.000000000000000000e+00 3.517826874161104289e+00
3.500000000000000000e+00 3.514663088910895183e+00
4.000000000000000000e+00 3.511183579705106528e+00
4.500000000000000000e+00 3.507397673561353457e+00
5.000000000000000000e+00 3.503315472850836443e+00
5.500000000000000000e+00 3.498947801273757374e+00
6.000000000000000000e+00 3.494306145716082224e+00
6.500000000000000000e+00 3.489402594048325312e+00
7.000000000000000000e+00 3.484249768927033308e+00
7.500000000000000000e+00 3.478860757659664404e+00
8.000000000000000000e+00 3.473249038193538585e+00
8.500000000000000000e+00 3.467428401289547324e+00
9.000000000000000000e+00 3.461412868941311505e+00
9.500000000000000000e+00 3.455216609100458136e+00
1.000000000000000000e+01 3.448853846768716203e+00
1.050000000000000000e+01 3.442338771517511553e+00
1.100000000000000000e+01 3.435685441495735848e+00
1.150000000000000000e+01 3.428907683986390342e+00
1.200000000000000000e+01 3.422018992572770646e+00
1.250000000000000000e+01 3.415032420974897676e+00
1.300000000000000000e+01 3.407960473616857833e+00
1.350000000000000000e+01 3.400814992985754959e+00
1.400000000000000000e+01 3.393607043842950421e+00
1.450000000000000000e+01 3.386346794348269018e+00
1.500000000000000000e+01 3.379043394157874136e+00
1.550000000000000000e+01 3.371704849556476979e+00
1.600000000000000000e+01 3.364337895684576196e+00
1.650000000000000000e+01 3.356947865921406038e+00
1.700000000000000000e+01 3.349538558484284057e+00
1.750000000000000000e+01 3.342112100305042688e+00
1.800000000000000000e+01 3.334668808244211302e+00
1.850000000000000000e+01 3.327207047703667264e+00
1.900000000000000000e+01 3.319723088698406599e+00
1.950000000000000000e+01 3.312210959448138148e+00
2.000000000000000000e+01 3.304662297549382455e+00
2.050000000000000000e+01 3.297066198788760616e+00
2.100000000000000000e+01 3.289409063658144117e+00
2.150000000000000000e+01 3.281674441632376205e+00
2.200000000000000000e+01 3.273842873270224718e+00
2.250000000000000000e+01 3.265891730199262710e+00
2.300000000000000000e+01 3.257795053045362099e+00
2.350000000000000000e+01 3.249523387367482474e+00
2.400000000000000000e+01 3.241043617658432741e+00
2.450000000000000000e+01 3.232318799472307269e+00
2.500000000000000000e+01 3.223307989739256030e+00
2.550000000000000000e+01 3.213966075328309024e+00
2.600000000000000000e+01 3.204243599918896290e+00
2.650000000000000000e+01 3.194086589241781127e+00
2.700000000000000000e+01 3.183436374750082010e+00
2.750000000000000000e+01 3.172229415781060879e+00
2.800000000000000000e+01 3.160397120269364812e+00
2.850000000000000000e+01 3.147865664072417857e+00
2.900000000000000000e+01 3.134555808968625179e+00
2.950000000000000000e+01 3.120382719389097392e+00
3.000000000000000000e+01 3.105255777943562112e+00
3.050000000000000000e+01 3.089078399801155062e+00
3.100000000000000000e+01 3.071747845986777303e+00
3.150000000000000000e+01 3.053155035653696281e+00
3.200000000000000000e+01 3.033184357393077235e+00
3.250000000000000000e+01 3.011713479641139557e+00
3.300000000000000000e+01 2.988613160244606437e+00
3.350000000000000000e+01 2.963747055245136597e+00
3.400000000000000000e+01 2.936971526943441546e+00
3.450000000000000000e+01 2.908135451303743402e+00
3.500000000000000000e+01 2.877080024759270938e+00
3.550000000000000000e+01 2.843638570479493310e+00
3.600000000000000000e+01 2.807636344159746500e+00
3.650000000000000000e+01 2.768890339393965672e+00
3.700000000000000000e+01 2.727209092691183834e+00
3.750000000000000000e+01 2.682392488196495783e+00
3.800000000000000000e+01 2.634231562177174357e+00
3.850000000000000000e+01 2.582508307334609121e+00
3.900000000000000000e+01 2.526995477002769608e+00
3.950000000000000000e+01 2.467456389293852581e+00
