0.0 0.0
0.01 0.0353
0.02 0.07059
0.02 0.10588
0.03 0.14115
0.04 0.17641
0.05 0.21165
0.05 0.24687
0.06 0.28207
0.07 0.31723
0.08 0.35237
0.08 0.38747
0.09 0.42253
0.1 0.45754
0.11 0.49252
0.12 0.52744
0.12 0.5623
0.13 0.59712
0.14 0.63187
0.15 0.66656
0.15 0.70118
0.16 0.73573
0.17 0.7702
0.18 0.8046
0.18 0.83892
0.19 0.87315
0.2 0.9073
0.21 0.94135
0.22 0.97531
0.22 1.00917
0.23 1.04293
0.24 1.07659
0.25 1.11013
0.25 1.14357
0.26 1.17689
0.27 1.21009
0.28 1.24317
0.28 1.27613
0.29 1.30896
0.3 1.34165
0.31 1.37422
0.32 1.40664
0.32 1.43892
0.33 1.47106
0.34 1.50305
0.35 1.53489
0.35 1.56658
0.36 1.59811
0.37 1.62948
0.38 1.66068
0.38 1.69172
0.39 1.72259
0.4 1.75329
0.41 1.78381
0.42 1.81415
0.42 1.84431
0.43 1.87428
0.44 1.90407
0.45 1.93366
0.45 1.96307
0.46 1.99227
0.47 2.02128
0.48 2.05008
0.48 2.07868
0.49 2.10706
0.5 2.13524
0.51 2.1632
0.52 2.19095
0.52 2.21848
0.53 2.24578
0.54 2.27286
0.55 2.29971
0.55 2.32633
0.56 2.35272
0.57 2.37887
0.58 2.40479
0.58 2.43046
0.59 2.45589
0.6 2.48107
0.61 2.50601
0.62 2.53069
0.62 2.55512
0.63 2.57929
0.64 2.60321
0.65 2.62686
0.65 2.65025
0.66 2.67338
0.67 2.69624
0.68 2.71882
0.68 2.74114
0.69 2.76318
0.7 2.78494
0.71 2.80643
0.72 2.82763
0.72 2.84855
0.73 2.86919
0.74 2.88953
0.75 2.90959
0.75 2.92936
0.76 2.94883
0.77 2.96801
0.78 2.98689
0.78 3.00547
0.79 3.02375
0.8 3.04173
0.81 3.0594
0.82 3.07677
0.82 3.09383
0.83 3.11058
0.84 3.12701
0.85 3.14314
0.85 3.15895
0.86 3.17444
0.87 3.18961
0.88 3.20447
0.88 3.21901
0.89 3.23322
0.9 3.24711
0.91 3.26067
0.92 3.27391
0.92 3.28682
0.93 3.2994
0.94 3.31165
0.95 3.32357
0.95 3.33515
0.96 3.3464
0.97 3.35732
0.98 3.3679
0.98 3.37814
0.99 3.38805
1.0 3.39762
1.01 3.40684
1.02 3.41573
1.02 3.42427
1.03 3.43247
1.04 3.44033
1.05 3.44784
1.05 3.45501
1.06 3.46183
1.07 3.46831
1.08 3.47444
1.08 3.48022
1.09 3.48565
1.1 3.49073
1.11 3.49547
1.12 3.49985
1.12 3.50388
1.13 3.50757
1.14 3.5109
1.15 3.51388
1.15 3.51651
1.16 3.51879
1.17 3.52072
1.18 3.52229
1.18 3.52351
1.19 3.52438
1.2 3.5249
1.21 3.52506
1.22 3.52487
1.22 3.52433
1.23 3.52343
1.24 3.52219
1.25 3.52059
1.25 3.51864
1.26 3.51633
1.27 3.51368
1.28 3.51067
1.28 3.50731
1.29 3.50361
1.3 3.49955
1.31 3.49514
1.32 3.49038
1.32 3.48527
1.33 3.47982
1.34 3.47401
1.35 3.46786
1.35 3.46137
1.36 3.45452
1.37 3.44733
1.38 3.4398
1.38 3.43192
1.39 3.4237
1.4 3.41514
1.41 3.40623
1.42 3.39698
1.42 3.3874
1.43 3.37748
1.44 3.36722
1.45 3.35662
1.45 3.34568
1.46 3.33442
1.47 3.32282
1.48 3.31088
1.48 3.29862
1.49 3.28602
1.5 3.2731
1.51 3.25985
1.52 3.24628
1.52 3.23238
1.53 3.21816
1.54 3.20361
1.55 3.18875
1.55 3.17357
1.56 3.15807
1.57 3.14225
1.58 3.12612
1.58 3.10968
1.59 3.09293
1.6 3.07587
1.61 3.0585
1.62 3.04083
1.62 3.02285
1.63 3.00457
1.64 2.98599
1.65 2.96711
1.65 2.94794
1.66 2.92847
1.67 2.90871
1.68 2.88866
1.68 2.86832
1.69 2.8477
1.7 2.82679
1.71 2.80559
1.72 2.78412
1.72 2.76237
1.73 2.74034
1.74 2.71804
1.75 2.69547
1.75 2.67263
1.76 2.64953
1.77 2.62616
1.78 2.60252
1.78 2.57863
1.79 2.55448
1.8 2.53008
1.81 2.50542
1.82 2.48051
1.82 2.45536
1.83 2.42996
1.84 2.40432
1.85 2.37844
1.85 2.35232
1.86 2.32597
1.87 2.29938
1.88 2.27257
1.88 2.24553
1.89 2.21826
1.9 2.19078
1.91 2.16307
1.92 2.13515
1.92 2.10702
1.93 2.07868
1.94 2.05013
1.95 2.02138
1.95 1.99242
1.96 1.96327
1.97 1.93392
1.98 1.90438
1.98 1.87465
1.99 1.84473
2.0 1.81463
2.01 1.78435
2.02 1.75389
2.02 1.72325
2.03 1.69245
2.04 1.66148
2.05 1.63034
2.05 1.59904
2.06 1.56758
2.07 1.53596
2.08 1.50419
2.08 1.47228
2.09 1.44021
2.1 1.408
2.11 1.37566
2.12 1.34317
2.12 1.31056
2.13 1.27781
2.14 1.24494
2.15 1.21194
2.15 1.17882
2.16 1.14559
2.17 1.11224
2.18 1.07878
2.18 1.04522
2.19 1.01155
2.2 0.97778
2.21 0.94392
2.22 0.90996
2.22 0.87591
2.23 0.84178
2.24 0.80756
2.25 0.77327
2.25 0.73889
2.26 0.70445
2.27 0.66993
2.28 0.63535
2.28 0.60071
2.29 0.566
2.3 0.53125
4.0 0.0
