0.0 0.0
0.01 0.005691519803187828
0.02 0.011376979588831257
0.03 0.01705877365242794
0.04 0.02273898297995382
0.05 0.028419389560124218
0.06 0.03410149036299252
0.07 0.03978651098526469
0.08 0.045475418962964934
0.09 0.05116893675233943
0.1 0.05686755438012638
0.11 0.06257154176455536
0.12 0.06828096070866739
0.13 0.0739956765677646
0.14 0.07971536959301127
0.15 0.08543954595341223
0.16 0.0911675484385905
0.17 0.09689856684497543
0.18 0.10263164804819494
0.19 0.10836570576463869
0.2 0.114099530005326
0.21 0.11983179622537309
0.22 0.1255610741725053
0.23 0.13128583643820613
0.24 0.13700446671523248
0.25 0.14271526776535676
0.26 0.1484164691013229
0.27 0.1541062343871153
0.28 0.15978266856075818
0.29 0.1654438246839592
0.3 0.17108771052301427
0.31 0.17671229486547765
0.32 0.18231551357718861
0.33 0.18789527540432183
0.34 0.19344946752520278
0.35000000000000003 0.1989759608566923
0.36 0.2044726151200091
0.37 0.2099372836709066
0.38 0.2153678180991737
0.39 0.2207620726024696
0.4 0.2261179081395388
0.41000000000000003 0.23143319636788418
0.42 0.2367058233710031
0.43 0.24193369318030997
0.44 0.2471147310968861
0.45 0.2522468868182056
0.46 0.25732813737499577
0.47000000000000003 0.2623564898833852
0.48 0.2673299841174947
0.49 0.2722466949076124
0.5 0.277104734369086
0.51 0.28190225396704255
0.52 0.28663744642203026
0.53 0.29130854746164536
0.54 0.29591383742318167
0.55 0.30045164271230546
0.56 0.30492033712271854
0.5700000000000001 0.3093183430217376
0.58 0.3136441324066644
0.59 0.3178962278367843
0.6 0.32207320324577066
0.61 0.3261736846392218
0.62 0.33019635068200265
0.63 0.33413993317999846
0.64 0.33800321746082934
0.65 0.3417850426580056
0.66 0.3454843019029386
0.67 0.34909994242915143
0.68 0.35263096559295715
0.6900000000000001 0.3560764268148052
0.7000000000000001 0.3594354354454127
0.71 0.3627071545607202
0.72 0.36589080068963786
0.73 0.36898564347845486
0.74 0.3719910052957089
0.75 0.3749062607812274
0.76 0.3777308363429602
0.77 0.3804642096051437
0.78 0.383105908811239
0.79 0.3856555121850044
0.8 0.3881126472529694
0.81 0.39047699013148285
0.8200000000000001 0.3927482647814194
0.8300000000000001 0.39492624223353856
0.84 0.3970107397873875
0.85 0.3990016201865569
0.86 0.40089879077299934
0.87 0.4027022026230239
0.88 0.404411849667494
0.89 0.40602776779865407
0.9 0.4075500339659215
0.91 0.4089787652628824
0.92 0.4103141180076467
0.93 0.41155628681860773
0.9400000000000001 0.41270550368757614
0.9500000000000001 0.4137620370521596
0.96 0.41472619086916235
0.97 0.4155983036906982
0.98 0.41637874774461753
0.99 0.41706792802075754
1.0 0.4176662813644347
1.01 0.4181742755785266
1.02 0.4185924085353818
1.03 0.41892120729972987
1.04 0.41916122726367355
1.05 0.4193130512947631
1.06 0.4193772888980746
1.07 0.4193545753931251
1.08 0.41924557110640104
1.09 0.41905096058017116
1.1 0.41877145179820663
1.11 0.4184077754289428
1.12 0.41796068408654913
1.1300000000000001 0.4174309516103041
1.1400000000000001 0.41681937236261024
1.1500000000000001 0.41612676054589715
1.16 0.4153539495386399
1.17 0.41450179125058867
1.18 0.413571155497326
1.19 0.41256292939414196
1.2 0.41147801676919143
1.21 0.4103173375958527
1.22 0.4090818274441242
1.23 0.4077724369508685
1.24 0.40639013130865687
1.25 0.4049358897729206
1.26 0.4034107051870731
1.27 0.40181558352521496
1.28 0.40015154345201925
1.29 0.39841961589931824
1.3 0.3966208436589057
1.31 0.394756280991034
1.32 0.39282699324803494
1.33 0.39083405651248004
1.34 0.3887785572492592
1.35 0.3866615919709366
1.36 0.3844842669157261
1.37 0.3822476977373798
1.3800000000000001 0.37995300920631137
1.3900000000000001 0.3776013349211979
1.4000000000000001 0.37519381703034593
1.41 0.37273160596206917
1.42 0.370215860163305
1.43 0.3676477458456982
1.44 0.3650284367383988
1.45 0.36235911384675007
1.46 0.3596409652161216
1.47 0.3568751857000768
1.48 0.3540629767320964
1.49 0.35120554610007204
1.5 0.34830410772279413
1.51 0.345359881427671
1.52 0.34237409272888686
1.53 0.33934797260527766
1.54 0.3362827572771573
1.55 0.33317968798137537
1.56 0.330040010743894
1.57 0.3268649761491687
1.58 0.32365583910567475
1.59 0.3204138586068843
1.6 0.3171402974870978
1.61 0.3138364221714518
1.62 0.3105035024195737
1.6300000000000001 0.3071428110622345
1.6400000000000001 0.3037556237305298
1.6500000000000001 0.300343218577007
1.6600000000000001 0.29690687598827903
1.67 0.2934478782886704
1.68 0.2899675094343983
1.69 0.2864670546979977
1.7 0.28294780034251277
1.71 0.27941103328516664
1.72 0.2758580407502062
1.73 0.27229010991064273
1.74 0.26870852751864466
1.75 0.26511457952440665
1.76 0.26150955068329956
1.77 0.25789472415118503
1.78 0.2542713810678239
1.79 0.25064080012831036
1.8 0.24700425714244206
1.81 0.2433630245822431
1.82 0.23971837111744018
1.83 0.2360715611391954
1.84 0.2324238542721328
1.85 0.22877650487484527
1.86 0.2251307615290978
1.87 0.2214878665179759
1.8800000000000001 0.2178490552932842
1.8900000000000001 0.2142155559324246
1.9000000000000001 0.2105885885853
1.9100000000000001 0.20696936491138726
1.92 0.20335908750766554
1.93 0.1997589493276776
1.94 0.19617013309232378
1.95 0.19259381069291065
1.96 0.18903114258697298
1.97 0.18548327718757998
1.98 0.18195135024661774
1.99 0.1784364842328595
2.0 0.17493978770545812
2.0100000000000002 0.17146235468351254
2.02 0.16800526401260768
2.0300000000000002 0.1645695787290694
2.04 0.16115634542260396
2.05 0.15776659359840062
2.06 0.15440133503934886
2.07 0.15106156316936936
2.08 0.14774825241872638
2.09 0.14446235759221765
2.1 0.14120481324129602
2.11 0.13797653304087146
2.12 0.1347784091720793
2.13 0.131611311711647
2.14 0.12847608802920524
2.15 0.1253735621933289
2.16 0.1223045343873736
2.17 0.11926978033632513
2.18 0.1162700507453664
2.19 0.11330607075155172
2.2 0.11037853938942352
2.21 0.10748812907167503
2.22 0.10463548508594257
2.23 0.10182122510878994
2.24 0.09904593873778819
2.25 0.09631018704293505
2.2600000000000002 0.0936145021383163
2.27 0.09095938677504266
2.2800000000000002 0.08834531395651135
2.29 0.08577272657690505
2.3000000000000003 0.08324203708411618
2.31 0.08075362716776054
2.32 0.0783078474734796
2.33 0.07590501734427915
2.34 0.07354542459003244
2.35 0.0712293252856767
2.36 0.06895694359936683
2.37 0.06672847165103168
2.38 0.0645440694023678
2.39 0.06240386457892448
2.4 0.06030795262508018
2.41 0.05825639669248643
2.42 0.05624922766271892
2.43 0.05428644420471722
2.44 0.05236801286754949
2.45 0.05049386820916448
2.46 0.04866391296133211
2.47 0.046878018231536
2.48 0.045136023741930986
2.49 0.04343773810586528
2.5 0.04178293914216697
2.5100000000000002 0.04017137422742975
2.52 0.038602760686471914
2.5300000000000002 0.037076786221105565
2.54 0.035593109377285
2.5500000000000003 0.03415136005045388
2.56 0.032751140029338356
2.57 0.03139202357775623
2.58 0.03007355805436319
2.59 0.028795264570180043
2.6 0.027556638683322827
2.61 0.02635715113078652
2.62 0.02519624859668232
2.63 0.02407335451637909
2.64 0.02298786991602281
2.65 0.02193917428669067
2.66 0.020926626492394726
2.67 0.019949565711289082
2.68 0.019007312408757276
2.69 0.018099169342031807
2.7 0.017224422594622115
2.71 0.016382342639887953
2.72 0.015572185432339325
2.73 0.014793193525372311
2.74 0.014044597214186827
2.75 0.013325615702297927
2.7600000000000002 0.012635458290175655
2.77 0.011973325584478653
2.7800000000000002 0.011338410725953926
2.79 0.01072990063465965
2.8000000000000003 0.010146977270182319
2.81 0.009588818905266827
2.82 0.009054601410703496
2.83 0.008543499549537852
2.84 0.008054688278137124
2.85 0.007587344052337272
2.86 0.007140646135913533
2.87 0.006713777909274662
2.88 0.006305928175823889
2.89 0.005916292463432357
2.9 0.005544074318446315
2.91 0.005188486589604133
2.92 0.00484875269894974
2.93 0.004524107897123233
2.94 0.004213800500000197
2.95 0.003917093103809369
2.96 0.003633263775629875
2.97 0.0033616072163086376
2.98 0.0031014358925135254
2.99 0.0028520811348472664
3.0 0.002612894198713421
3.0100000000000002 0.002383247284594745
3.02 0.0021625345144363896
3.0300000000000002 0.0019501728606860932
3.04 0.0017456030245588034
3.0500000000000003 0.0015482902599548945
3.06 0.0013577251395747712
3.0700000000000003 0.0011734242595696355
3.08 0.0009949308791251414
3.09 0.0008218154913130155
3.1 0.0006536763215455327
3.11 0.0004901397498588157
3.12 0.000330860653336637
3.13 0.00017552266487914426
3.14 2.3838344534912784e-05
3.15 0.0001244507403968854
3.16 0.0002695740302978185
3.17 0.00041173208702579206
3.18 0.0005510968103751919
3.19 0.0006878117610401173
3.2 0.000821992593877004
3.21 0.0009537276052808162
3.22 0.0010830783984674811
3.23 0.0012100806704320463
3.24 0.001334745124363802
3.25 0.0014570585111521523
3.2600000000000002 0.0015769848038649265
3.27 0.0016944665086080662
3.2800000000000002 0.0018094261156699758
3.29 0.001921767694274741
3.3000000000000003 0.0020313786346332235
3.31 0.002138131540707018
3.3200000000000003 0.0022418862771534636
3.33 0.0023424921736848593
3.34 0.00243979039024827
3.35 0.0025336164461302515
3.36 0.0026238029163668983
3.37 0.0027101822979015183
3.38 0.002792590049364082
3.39 0.0028708678062724603
3.4 0.0029448667754328247
3.41 0.0030144513102839904
3.42 0.0030795026705003315
3.43 0.0031399229675968857
3.44 0.003195639299364562
3.45 0.003246608074968419
3.46 0.0032928195328593194
3.47 0.00333430245342549
3.48 0.003371129068057716
3.49 0.0034034201661044894
3.5 0.003431350401671004
3.5100000000000002 0.0034551538005336974
3.52 0.0034751294694736613
3.5300000000000002 0.0034916475079562925
3.54 0.003505155123568922
3.5500000000000003 0.003516182951166444
3.56 0.003525351576753802
3.5700000000000003 0.0035333782658318186
3.58 0.003541083895983479
3.59 0.0035494000939076775
3.6 0.003559376576552627
3.61 0.0035721886947783833
3.62 0.0035891451793655838
3.63 0.0036116960882438356
3.64 0.003641440952838392
3.65 0.0036801371230987764
3.66 0.003729708307757604
3.67 0.0037922533089284746
3.68 0.0038700549481979437
3.69 0.003965589181449259
3.7 0.0040815343989980156
3.71 0.004220780909488728
3.72 0.004386440601541886
3.73 0.004581856781436336
3.74 0.004810614181633836
3.75 0.005076549136253604
3.7600000000000002 0.005383759917982097
3.77 0.005736617232315559
3.7800000000000002 0.006139774863906985
3.79 0.006598180467925314
3.8000000000000003 0.00711708650156961
3.81 0.00770206128985509
3.8200000000000003 0.008359000217581028
3.83 0.009094137041993116
3.84 0.009914055317042089
3.85 0.010825699923920601
3.86 0.011836388697655112
3.87 0.012953824141603764
3.88 0.014186105223414337
3.89 0.015541739240478126
