-40.0 2.575760836880054
-39.5 2.639112048835382
-39.0 2.6974511747576293
-38.5 2.7511188899298338
-38.0 2.800439223903424
-37.5 2.8457200876995548
-37.0 2.8872537916729124
-36.5 2.9253175540986684
-36.0 2.960174000543269
-35.5 2.9920716540797434
-35.0 3.0212454164082216
-34.5 3.0479170399423356
-34.0 3.072295590922197
-33.5 3.0945779036146326
-33.0 3.1149490256613652
-32.5 3.1335826546358154
-32.0 3.1506415658692237
-31.5 3.166278031606762
-31.0 3.1806342315543277
-30.5 3.193842654876708
-30.0 3.2060264937077876
-29.5 3.217300028233493
-29.0 3.2277690034081603
-28.5 3.237530997364998
-28.0 3.2466757815813487
-27.5 3.2552856728594124
-27.0 3.2634358771831335
-26.5 3.271194825511931
-26.0 3.2786245015719495
-25.5 3.2857807617055244
-25.0 3.29271364683954
-24.5 3.299467686633374
-24.0 3.3060821958670954
-23.5 3.312591563130623
-23.0 3.3190255318745066
-22.5 3.3254094738830347
-22.0 3.331764655230344
-21.5 3.3381084947802058
-21.0 3.3444548152901974
-20.5 3.3508140871809227
-20.0 3.357193665030971
-19.5 3.3635980168583126
-19.0 3.3700289462487865
-18.5 3.376485807392397
-18.0 3.3829657130880837
-17.5 3.3894637357776523
-17.0 3.395973101669561
-16.5 3.402485378013227
-16.0 3.4089906535845627
-15.5 3.4154777124434066
-15.0 3.4219342010235407
-14.5 3.428346788615976
-14.0 3.434701321306202
-13.5 3.440982969426066
-13.0 3.4471763685809806
-12.5 3.4532657543131364
-12.0 3.4592350904614197
-11.5 3.46506819127869
-11.0 3.470748837367134
-10.5 3.476260885492356
-10.0 3.4815883723369137
-9.5 3.4867156122539518
-9.0 3.491627289081649
-8.5 3.4963085420791478
-8.0 3.5007450460446443
-7.5 3.5049230856763507
-7.0 3.5088296242369763
-6.5 3.5124523665824414
-6.0 3.515779816615503
-5.5 3.5188013292249596
-5.0 3.5215071567711442
-4.5 3.5238884901783774
-4.0 3.525937494695055
-3.5 3.5276473403820825
-3.0 3.5290122273903095
-2.5 3.530027406087673
-2.0 3.5306891920967214
-1.5 3.530994976303203
-1.0 3.5309432298964163
-0.5 3.5305335045019866
0.0 3.5297664274677754
0.5 3.528643692363587
1.0 3.527168044755374
1.5 3.525343263314611
2.0 3.523174136323534
2.5 3.520666433636921
3.0 3.5178268741611043
3.5 3.514663088910895
4.0 3.5111835797051065
4.5 3.5073976735613535
5.0 3.5033154728508364
5.5 3.4989478012737574
6.0 3.4943061457160822
6.5 3.4894025940483253
7.0 3.4842497689270333
7.5 3.4788607576596644
8.0 3.4732490381935386
8.5 3.4674284012895473
9.0 3.4614128689413115
9.5 3.455216609100458
10.0 3.448853846768716
10.5 3.4423387715175116
11.0 3.435685441495736
11.5 3.4289076839863903
12.0 3.4220189925727706
12.5 3.4150324209748977
13.0 3.407960473616858
13.5 3.400814992985755
14.0 3.3936070438429504
14.5 3.386346794348269
15.0 3.379043394157874
15.5 3.371704849556477
16.0 3.364337895684576
16.5 3.356947865921406
17.0 3.349538558484284
17.5 3.3421121003050427
18.0 3.3346688082442113
18.5 3.3272070477036673
19.0 3.3197230886984066
19.5 3.312210959448138
20.0 3.3046622975493825
20.5 3.2970661987887606
21.0 3.289409063658144
21.5 3.281674441632376
22.0 3.2738428732702247
22.5 3.2658917301992627
23.0 3.257795053045362
23.5 3.2495233873674825
24.0 3.2410436176584327
24.5 3.2323187994723073
25.0 3.223307989739256
25.5 3.213966075328309
26.0 3.2042435999188963
26.5 3.194086589241781
27.0 3.183436374750082
27.5 3.172229415781061
28.0 3.160397120269365
28.5 3.147865664072418
29.0 3.134555808968625
29.5 3.1203827193890974
30.0 3.105255777943562
30.5 3.089078399801155
31.0 3.0717478459867773
31.5 3.0531550356536963
32.0 3.0331843573930772
32.5 3.0117134796411396
33.0 2.9886131602446064
33.5 2.9637470552451366
34.0 2.9369715269434415
34.5 2.9081354513037434
35.0 2.877080024759271
35.5 2.8436385704794933
36.0 2.8076363441597465
36.5 2.7688903393939657
37.0 2.727209092691184
37.5 2.682392488196496
38.0 2.6342315621771744
38.5 2.582508307334609
39.0 2.5269954770027696
39.5 2.4674563892938526
