0.0 0.0
0.01 0.00578
0.02 0.01162
0.03 0.01752
0.04 0.02345
0.05 0.02942
0.06 0.03541
0.07 0.04141
0.08 0.04742
0.09 0.05344
0.1 0.05945
0.11 0.06545
0.12 0.07143
0.13 0.07741
0.14 0.08336
0.15 0.08929
0.16 0.09519
0.17 0.10107
0.18 0.10692
0.19 0.11274
0.2 0.11853
0.21 0.12429
0.22 0.13003
0.23 0.13573
0.24 0.1414
0.25 0.14704
0.26 0.15265
0.27 0.15823
0.28 0.16378
0.29 0.1693
0.3 0.1748
0.31 0.18027
0.32 0.18571
0.33 0.19113
0.34 0.19652
0.35 0.20189
0.36 0.20723
0.37 0.21255
0.38 0.21785
0.39 0.22312
0.4 0.22837
0.41 0.2336
0.42 0.23881
0.43 0.244
0.44 0.24916
0.45 0.2543
0.46 0.25942
0.47 0.26451
0.48 0.26958
0.49 0.27462
0.5 0.27964
0.51 0.28463
0.52 0.28959
0.53 0.29453
0.54 0.29943
0.55 0.3043
0.56 0.30913
0.57 0.31393
0.58 0.3187
0.59 0.32342
0.6 0.3281
0.61 0.33273
0.62 0.33732
0.63 0.34187
0.64 0.34636
0.65 0.35079
0.66 0.35517
0.67 0.3595
0.68 0.36376
0.69 0.36795
0.7 0.37208
0.71 0.37614
0.72 0.38013
0.73 0.38404
0.74 0.38788
0.75 0.39163
0.76 0.3953
0.77 0.39888
0.78 0.40237
0.79 0.40577
0.8 0.40907
0.81 0.41228
0.82 0.41538
0.83 0.41838
0.84 0.42128
0.85 0.42406
0.86 0.42673
0.87 0.42929
0.88 0.43173
0.89 0.43406
0.9 0.43626
0.91 0.43834
0.92 0.44029
0.93 0.44212
0.94 0.44381
0.95 0.44538
0.96 0.44681
0.97 0.44811
0.98 0.44927
0.99 0.4503
1.0 0.45119
1.01 0.45194
1.02 0.45255
1.03 0.45302
1.04 0.45334
1.05 0.45353
1.06 0.45357
1.07 0.45347
1.08 0.45323
1.09 0.45285
1.1 0.45232
1.11 0.45165
1.12 0.45084
1.13 0.44989
1.14 0.4488
1.15 0.44757
1.16 0.4462
1.17 0.44469
1.18 0.44305
1.19 0.44128
1.2 0.43937
1.21 0.43733
1.22 0.43516
1.23 0.43286
1.24 0.43044
1.25 0.42789
1.26 0.42523
1.27 0.42244
1.28 0.41954
1.29 0.41652
1.3 0.4134
1.31 0.41016
1.32 0.40683
1.33 0.40339
1.34 0.39985
1.35 0.39621
1.36 0.39248
1.37 0.38866
1.38 0.38476
1.39 0.38077
1.4 0.37671
1.41 0.37257
1.42 0.36836
1.43 0.36407
1.44 0.35973
1.45 0.35532
1.46 0.35086
1.47 0.34634
1.48 0.34177
1.49 0.33716
1.5 0.3325
1.51 0.3278
1.52 0.32307
1.53 0.31831
1.54 0.31352
1.55 0.30871
1.56 0.30388
1.57 0.29903
1.58 0.29417
1.59 0.2893
1.6 0.28442
1.61 0.27955
1.62 0.27467
1.63 0.2698
1.64 0.26494
1.65 0.26009
1.66 0.25525
1.67 0.25043
1.68 0.24563
1.69 0.24086
1.7 0.23612
1.71 0.2314
1.72 0.22672
1.73 0.22207
1.74 0.21746
1.75 0.21289
1.76 0.20836
1.77 0.20388
1.78 0.19945
1.79 0.19506
1.8 0.19073
1.81 0.18645
1.82 0.18223
1.83 0.17806
1.84 0.17396
1.85 0.16991
1.86 0.16592
1.87 0.162
1.88 0.15814
1.89 0.15435
1.9 0.15062
1.91 0.14696
1.92 0.14337
1.93 0.13985
1.94 0.1364
1.95 0.13301
1.96 0.1297
1.97 0.12645
1.98 0.12328
1.99 0.12018
2.0 0.11715
2.01 0.11418
2.02 0.11129
2.03 0.10847
2.04 0.10572
2.05 0.10303
2.06 0.10042
2.07 0.09787
2.08 0.09539
2.09 0.09298
2.1 0.09063
2.11 0.08835
2.12 0.08613
2.13 0.08397
2.14 0.08188
2.15 0.07984
2.16 0.07787
2.17 0.07595
2.18 0.07409
2.19 0.07229
2.2 0.07054
2.21 0.06884
2.22 0.06719
2.23 0.0656
2.24 0.06405
2.25 0.06255
2.26 0.06109
2.27 0.05968
2.28 0.05832
2.29 0.05699
2.3 0.0557
2.31 0.05445
2.32 0.05324
2.33 0.05206
2.34 0.05092
2.35 0.04981
2.36 0.04872
2.37 0.04767
2.38 0.04665
2.39 0.04565
2.4 0.04468
2.41 0.04373
2.42 0.0428
2.43 0.0419
2.44 0.04101
2.45 0.04014
2.46 0.0393
2.47 0.03846
2.48 0.03765
2.49 0.03684
2.5 0.03605
2.51 0.03528
2.52 0.03451
2.53 0.03376
2.54 0.03302
2.55 0.03228
2.56 0.03156
2.57 0.03084
2.58 0.03013
2.59 0.02943
2.6 0.02873
2.61 0.02804
2.62 0.02736
2.63 0.02668
2.64 0.02601
2.65 0.02534
2.66 0.02468
2.67 0.02402
2.68 0.02337
2.69 0.02272
2.7 0.02207
2.71 0.02143
2.72 0.0208
2.73 0.02016
2.74 0.01954
2.75 0.01891
2.76 0.0183
2.77 0.01769
2.78 0.01708
2.79 0.01648
2.8 0.01588
2.81 0.01529
2.82 0.01471
2.83 0.01413
2.84 0.01356
2.85 0.013
2.86 0.01244
2.87 0.01189
2.88 0.01135
2.89 0.01082
2.9 0.01029
2.91 0.00977
2.92 0.00926
2.93 0.00876
2.94 0.00827
2.95 0.00778
2.96 0.00731
2.97 0.00684
2.98 0.00638
2.99 0.00593
4.0 0.0
