-40.0 2.0382783489277405
-39.5 2.075148689005538
-39.0 2.109592855244952
-38.5 2.1417692638349664
-38.0 2.1718285890173394
-37.5 2.19991400583714
-37.0 2.2261614288195783
-36.5 2.250699746593286
-36.0 2.2736510524801603
-35.5 2.2951308710719127
-35.0 2.3152483808134643
-34.5 2.3341066326133046
-34.0 2.3518027645009547
-33.5 2.3684282123516818
-33.0 2.384068916698566
-32.5 2.398805525652093
-32.0 2.4127135939473674
-31.5 2.425863778139114
-31.0 2.4383220279645728
-30.5 2.4501497738944393
-30.0 2.461404110891976
-29.5 2.4721379784004287
-29.0 2.4824003365788823
-28.5 2.492236338806695
-28.0 2.5016875004766215
-27.5 2.5107918640968028
-27.0 2.5195841607216996
-26.5 2.528095967732159
-26.0 2.5363558629846956
-25.5 2.5443895753501664
-25.0 2.5522201316619415
-24.5 2.5598680000937155
-24.0 2.5673512299870964
-23.5 2.574685588149096
-23.0 2.5818846916396643
-22.5 2.5889601370693978
-22.0 2.595921626427547
-21.5 2.6027770894604796
-21.0 2.6095328026207
-20.5 2.616193504606587
-20.0 2.6227625085129698
-19.5 2.629241810612677
-19.0 2.6356321957891926
-18.5 2.6419333396405538
-18.0 2.64814390727462
-17.5 2.654261648815857
-17.0 2.6602834916437534
-16.5 2.666205629383015
-16.0 2.67202360766567
-15.5 2.6777324066852066
-15.0 2.683326520562899
-14.5 2.688800033546426
-14.0 2.6941466930609437
-13.5 2.699359979632723
-13.0 2.7044331737055045
-12.5 2.709359419369689
-12.0 2.714131785024501
-11.5 2.71874332099327
-11.0 2.723187114111944
-10.5 2.727456339310982
-10.0 2.7315443082107596
-9.5 2.735444514750603
-9.0 2.739150677871619
-8.5 2.7426567812734124
-8.0 2.7459571102648628
-7.5 2.7490462857290656
-7.0 2.7519192952225895
-6.5 2.7545715212291704
-6.0 2.7569987665879863
-5.5 2.7591972771166384
-5.0 2.761163761448978
-4.5 2.762895408107902
-4.0 2.764389899833271
-3.5 2.765645425185053
-3.0 2.766660687441863
-2.5 2.767434910814992
-2.0 2.767967843998099
-1.5 2.7682597610726627
-1.0 2.7683114597893526
-0.5 2.768124257245441
0.0 2.7676999829783924
0.5 2.7670409694957616
1.0 2.7661500402615347
1.5 2.7650304951590523
2.0 2.763686093450635
2.5 2.762121034254057
3.0 2.760339934556002
3.5 2.7583478047826175
4.0 2.7561500219473225
4.5 2.7537523003959916
5.0 2.7511606601696452
5.5 2.74838139300479
6.0 2.745421025991531
6.5 2.742286282909598
7.0 2.738984043262418
7.5 2.7355212990293603
8.0 2.7319051091562985
8.5 2.728142551804611
9.0 2.7242406743787653
9.5 2.7202064413526137
10.0 2.716046679914524
10.5 2.7117680234515014
11.0 2.707376852892417
11.5 2.702879235930477
12.0 2.6982808641450764
12.5 2.6935869880431595
13.0 2.6888023500402345
13.5 2.683931115401151
14.0 2.6789768011608093
14.5 2.673942203044897
15.0 2.6688293204108153
15.5 2.6636392792289176
16.0 2.658372253124183
16.5 2.6530273824984847
17.0 2.6476026917535607
17.5 2.642095004634827
18.0 2.636499857716184
18.5 2.6308114120459205
19.0 2.625022362973874
19.5 2.6191238481799655
20.0 2.6131053539242486
20.5 2.6069546195386075
21.0 2.6006575401802254
21.5 2.5941980678669827
22.0 2.5875581108148795
22.5 2.580717431097664
23.0 2.57365354064875
23.5 2.566341595625593
24.0 2.558754289156651
24.5 2.5508617424910462
25.0 2.542631394571084
25.5 2.5340278900477484
26.0 2.5250129657593092
26.5 2.5155453356931803
27.0 2.505580574451155
27.5 2.495070999238162
28.0 2.483965550394659
28.5 2.472209670492809
29.0 2.4597451820165848
29.5 2.4465101636458972
30.0 2.4324388251649274
30.5 2.417461381014753
31.0 2.4015039225104418
31.5 2.384488288742715
32.0 2.366331936184317
32.5 2.346947807021259
33.0 2.326244196229019
33.5 2.304124617413864
34.0 2.2804876674394303
34.5 2.2552268898586703
35.0 2.2282306371713267
35.5 2.199381931927042
36.0 2.1685583266942703
36.5 2.1356317629150796
37.0 2.100468428666022
37.5 2.0629286153451765
38.0 2.0228665733055093
38.5 1.9801303664546852
39.0 1.9345617258414562
39.5 1.885995902248772
