0.0 0.0
0.01 0.00511
0.02 0.01021
0.03 0.0153
0.04 0.02039
0.05 0.02548
0.06 0.03057
0.07 0.03565
0.08 0.04073
0.09 0.04581
0.1 0.05089
0.11 0.05597
0.12 0.06105
0.13 0.06612
0.14 0.0712
0.15 0.07628
0.16 0.08136
0.17 0.08644
0.18 0.09152
0.19 0.0966
0.2 0.10168
0.21 0.10676
0.22 0.11184
0.23 0.11693
0.24 0.12201
0.25 0.12709
0.26 0.13216
0.27 0.13724
0.28 0.14231
0.29 0.14739
0.3 0.15245
0.31 0.15751
0.32 0.16257
0.33 0.16762
0.34 0.17266
0.35 0.17769
0.36 0.18271
0.37 0.18772
0.38 0.19272
0.39 0.19771
0.4 0.20268
0.41 0.20763
0.42 0.21257
0.43 0.21749
0.44 0.22238
0.45 0.22726
0.46 0.23211
0.47 0.23693
0.48 0.24173
0.49 0.2465
0.5 0.25124
0.51 0.25595
0.52 0.26062
0.53 0.26526
0.54 0.26986
0.55 0.27442
0.56 0.27894
0.57 0.28342
0.58 0.28785
0.59 0.29224
0.6 0.29657
0.61 0.30086
0.62 0.3051
0.63 0.30928
0.64 0.31341
0.65 0.31748
0.66 0.32149
0.67 0.32545
0.68 0.32934
0.69 0.33316
0.7 0.33692
0.71 0.34061
0.72 0.34424
0.73 0.34779
0.74 0.35128
0.75 0.35468
0.76 0.35802
0.77 0.36128
0.78 0.36446
0.79 0.36756
0.8 0.37058
0.81 0.37352
0.82 0.37638
0.83 0.37915
0.84 0.38184
0.85 0.38444
0.86 0.38696
0.87 0.38939
0.88 0.39173
0.89 0.39398
0.9 0.39614
0.91 0.3982
0.92 0.40018
0.93 0.40207
0.94 0.40386
0.95 0.40556
0.96 0.40716
0.97 0.40867
0.98 0.41009
0.99 0.41141
1.0 0.41263
1.01 0.41376
1.02 0.4148
1.03 0.41574
1.04 0.41659
1.05 0.41734
1.06 0.41799
1.07 0.41855
1.08 0.41902
1.09 0.41939
1.1 0.41967
1.11 0.41986
1.12 0.41995
1.13 0.41995
1.14 0.41986
1.15 0.41968
1.16 0.4194
1.17 0.41904
1.18 0.41859
1.19 0.41805
1.2 0.41742
1.21 0.41671
1.22 0.41591
1.23 0.41503
1.24 0.41407
1.25 0.41302
1.26 0.41189
1.27 0.41068
1.28 0.40939
1.29 0.40803
1.3 0.40658
1.31 0.40507
1.32 0.40348
1.33 0.40181
1.34 0.40008
1.35 0.39828
1.36 0.3964
1.37 0.39447
1.38 0.39246
1.39 0.39039
1.4 0.38826
1.41 0.38607
1.42 0.38382
1.43 0.38151
1.44 0.37914
1.45 0.37672
1.46 0.37425
1.47 0.37172
1.48 0.36914
1.49 0.36652
1.5 0.36384
1.51 0.36112
1.52 0.35836
1.53 0.35555
1.54 0.35271
1.55 0.34982
1.56 0.3469
1.57 0.34393
1.58 0.34094
1.59 0.33791
1.6 0.33485
1.61 0.33175
1.62 0.32863
1.63 0.32548
1.64 0.3223
1.65 0.3191
1.66 0.31588
1.67 0.31263
1.68 0.30937
1.69 0.30608
1.7 0.30278
1.71 0.29946
1.72 0.29612
1.73 0.29277
1.74 0.28941
1.75 0.28604
1.76 0.28265
1.77 0.27926
1.78 0.27586
1.79 0.27245
1.8 0.26904
1.81 0.26562
1.82 0.2622
1.83 0.25878
1.84 0.25536
1.85 0.25193
1.86 0.24851
1.87 0.24509
1.88 0.24167
1.89 0.23825
1.9 0.23484
1.91 0.23144
1.92 0.22804
1.93 0.22465
1.94 0.22127
1.95 0.21789
1.96 0.21453
1.97 0.21117
1.98 0.20783
1.99 0.2045
2.0 0.20118
2.01 0.19788
2.02 0.19459
2.03 0.19131
2.04 0.18805
2.05 0.18481
2.06 0.18158
2.07 0.17837
2.08 0.17517
2.09 0.172
2.1 0.16884
2.11 0.16571
2.12 0.16259
2.13 0.1595
2.14 0.15642
2.15 0.15337
2.16 0.15034
2.17 0.14733
2.18 0.14434
2.19 0.14138
2.2 0.13844
2.21 0.13553
2.22 0.13264
2.23 0.12977
2.24 0.12693
2.25 0.12412
2.26 0.12133
2.27 0.11857
2.28 0.11584
2.29 0.11313
2.3 0.11045
2.31 0.1078
2.32 0.10518
2.33 0.10259
2.34 0.10002
2.35 0.09749
2.36 0.09498
2.37 0.09251
2.38 0.09007
2.39 0.08765
2.4 0.08527
2.41 0.08292
2.42 0.0806
2.43 0.07832
2.44 0.07606
2.45 0.07384
2.46 0.07165
2.47 0.0695
2.48 0.06737
2.49 0.06528
2.5 0.06323
2.51 0.06121
2.52 0.05922
2.53 0.05727
2.54 0.05535
2.55 0.05347
2.56 0.05162
2.57 0.04981
2.58 0.04804
2.59 0.04629
2.6 0.04459
2.61 0.04292
2.62 0.04129
2.63 0.03969
2.64 0.03813
2.65 0.0366
2.66 0.03511
2.67 0.03366
2.68 0.03224
2.69 0.03085
2.7 0.02951
2.71 0.0282
2.72 0.02692
2.73 0.02568
2.74 0.02448
2.75 0.02331
2.76 0.02218
2.77 0.02108
2.78 0.02001
2.79 0.01898
2.8 0.01798
2.81 0.01702
2.82 0.01609
2.83 0.01519
2.84 0.01432
2.85 0.01349
2.86 0.01268
2.87 0.01191
2.88 0.01117
2.89 0.01046
2.9 0.00977
2.91 0.00912
2.92 0.00849
2.93 0.00789
2.94 0.00731
2.95 0.00676
2.96 0.00624
2.97 0.00574
2.98 0.00526
2.99 0.0048
4.0 0.0
