-40.0 2.7325191333122465
-39.5 2.7765054768578548
-39.0 2.817638265522283
-38.5 2.856089201357306
-38.0 2.892022548146144
-37.5 2.9255953207665653
-37.0 2.9569574728669266
-36.5 2.986252082833616
-36.0 3.0136155380283727
-35.5 3.0391777172739496
-35.0 3.0630621715665813
-34.5 3.0853863029937263
-34.0 3.1062615418355652
-33.5 3.1257935218286965
-33.0 3.144082253570525
-32.5 3.1612222960427894
-32.0 3.1773029262327106
-31.5 3.192408306830218
-31.0 3.2066176519797343
-30.5 3.2200053910649737
-30.0 3.2326413305052255
-29.5 3.244590813541599
-29.0 3.2559148779916782
-28.5 3.266670411951081
-28.0 3.2769103074203665
-27.5 3.286683611835767
-27.0 3.2960356774822186
-26.5 3.30500830876715
-26.0 3.3136399073334943
-25.5 3.32196561499041
-25.0 3.3300174544401524
-24.5 3.3378244677795808
-24.0 3.345412852754775
-23.5 3.3528060967472015
-23.0 3.360025108469929
-22.5 3.367088347352339
-22.0 3.3740119505918136
-21.5 3.3808098578508505
-21.0 3.387493933578097
-20.5 3.394074086931747
-20.0 3.400558389283784
-19.5 3.406953189283538
-19.0 3.4132632254590063
-18.5 3.4194917363344333
-18.0 3.425640568042592
-17.5 3.4317102794102565
-17.0 3.437700244495306
-16.5 3.4436087525539634
-16.0 3.4494331054166025
-15.5 3.455169712250614
-15.0 3.4608141816887907
-14.5 3.4663614113016923
-14.0 3.4718056743924737
-13.5 3.4771407040926245
-13.0 3.482359774737116
-12.5 3.4874557804973834
-12.0 3.492421311250648
-11.5 3.497248725664034
-11.0 3.501930221471937
-10.5 3.5064579029251215
-10.0 3.510823845390025
-9.5 3.5150201570767203
-9.0 3.5190390378740015
-8.5 3.5228728352700824
-8.0 3.526514097337359
-7.5 3.5299556227596987
-7.0 3.533190507880743
-6.5 3.5362121907516744
-6.0 3.539014492156925
-5.5 3.5415916535962877
-5.0 3.543938372201905
-4.5 3.5460498325685954
-4.0 3.5479217354759927
-3.5 3.549550323480959
-3.0 3.550932403358747
-2.5 3.552065365371366
-2.0 3.5529471993416446
-1.5 3.5535765075114187
-1.0 3.553952514162355
-0.5 3.55407507197785
0.0 3.553944665124477
0.5 3.5535624090314584
1.0 3.5529300468466243
1.5 3.5520499425473147
2.0 3.5509250706847246
2.5 3.5495590027401187
3.0 3.547955890071412
3.5 3.54612044342858
4.0 3.544057909016356
4.5 3.541774041082692
5.0 3.539275071011446
5.5 3.536567672897771
6.0 3.533658925584657
6.5 3.530556271139124
7.0 3.5272674697464925
7.5 3.5238005510012385
8.0 3.5201637615728734
8.5 3.5163655092253348
9.0 3.5124143031683386
9.5 3.508318690719177
10.0 3.5040871902534256
10.5 3.499728220423008
11.0 3.4952500256201247
11.5 3.4906605976654705
12.0 3.4859675936992427
12.5 3.4811782502533917
13.0 3.4762992934835797
13.5 3.4713368455393177
14.0 3.466296327050767
14.5 3.461182355710635
15.0 3.4559986409296646
15.5 3.450747874544182
16.0 3.4454316175541493
16.5 3.4400501828702144
17.0 3.4346025140482093
17.5 3.4290860599895794
18.0 3.4234966455861864
18.5 3.4178283382879906
19.0 3.4120733105720427
19.5 3.4062216982912705
20.0 3.400261454881539
20.5 3.3941782014054187
21.0 3.3879550724111724
21.5 3.381572557585391
22.0 3.375008339177767
22.5 3.368237125176466
23.0 3.361230478212567
23.5 3.35395664017204
24.0 3.346380352493725
24.5 3.338462672131773
25.0 3.3301607831610434
25.5 3.3214278040038945
26.0 3.312212590256847
26.5 3.302459533095599
27.0 3.292108353236845
27.5 3.2810938904353657
28.0 3.269345888494879
28.5 3.2567887757710836
29.0 3.243341441145402
29.5 3.2289170054478573
30.0 3.2134225883075778
30.5 3.196759070409369
31.0 3.178820851134859
31.5 3.1594956015666447
32.0 3.138664012833932
32.5 3.116199539778132
33.0 3.0919681399168764
33.5 3.0658280076849262
34.0 3.037629303930436
34.5 3.0072138806450437
35.0 2.9744150009062555
35.5 2.9390570540105894
36.0 2.9009552657759548
36.5 2.8599154039917156
37.0 2.81573347899493
37.5 2.7681954393512185
38.0 2.7170768626187267
38.5 2.6621426411736637
39.0 2.6031466630758713
39.5 2.539831487952898
