-40.0 5.194457526369287
-39.5 5.275789045922272
-39.0 5.350287146385261
-38.5 5.41845665516932
-38.0 5.480775272538688
-37.5 5.537694549660614
-37.0 5.589640845359298
-36.5 5.637016261784059
-36.0 5.680199559201748
-35.5 5.719547050123523
-35.0 5.755393472976
-34.5 5.788052845526883
-34.0 5.817819298275106
-33.5 5.84496788801559
-33.0 5.869755391788654
-32.5 5.892421081424128
-32.0 5.913187478890305
-31.5 5.932261092657696
-31.0 5.9498331352877445
-30.5 5.9660802224565055
-30.0 5.981165053623389
-29.5 5.99523707455501
-29.0 6.0084331219142335
-28.5 6.020878050124447
-28.0 6.032685340719169
-27.5 6.043957694387019
-27.0 6.054787605922134
-26.5 6.065257922290101
-26.0 6.075442384019452
-25.5 6.085406150128803
-25.0 6.095206306799707
-24.5 6.104892360005248
-24.0 6.1145067123045145
-23.5 6.124085124012922
-23.0 6.133657158958543
-22.5 6.143246615034445
-22.0 6.152871939757131
-21.5 6.162546631041136
-21.0 6.1722796233998585
-20.5 6.182075659782683
-20.0 6.19193564925844
-19.5 6.201857010755322
-19.0 6.211834003067257
-18.5 6.2218580413368505
-18.0 6.2319180002249395
-17.5 6.242000503976829
-17.0 6.252090203595282
-16.5 6.262170041330323
-16.0 6.272221502695917
-15.5 6.28222485622358
-15.0 6.292159381163042
-14.5 6.30200358333992
-14.0 6.3117353993805985
-13.5 6.3213323895142555
-13.0 6.330771919162213
-12.5 6.340031329524579
-12.0 6.349088097374314
-11.5 6.357919984268756
-11.0 6.366505175388692
-10.5 6.374822408214998
-10.0 6.382851091252966
-9.5 6.39057141301435
-9.0 6.397964441467202
-8.5 6.405012214163569
-8.0 6.411697819255114
-7.5 6.418005467606725
-7.0 6.423920556218169
-6.5 6.429429723163888
-6.0 6.434520894260944
-5.5 6.43918332167526
-5.0 6.443407614676121
-4.5 6.447185762749105
-4.0 6.45051115127743
-3.5 6.4533785700018145
-3.0 6.455784214468931
-2.5 6.457725680678481
-2.0 6.4592019531389795
-1.5 6.460213386542326
-1.0 6.460761681267198
-0.5 6.4608498529213465
0.0 6.460482196132869
0.5 6.459664242800504
1.0 6.458402715013039
1.5 6.4567054728478555
2.0 6.454581457258733
2.5 6.452040628262928
3.0 6.449093898637612
3.5 6.445753063335746
4.0 6.442030724831431
4.5 6.4379402146048195
5.0 6.433495510976649
5.5 6.428711153502461
6.0 6.423602154136563
6.5 6.418183905375813
7.0 6.412472085593286
7.5 6.406482561771882
8.0 6.400231289847953
8.5 6.393734212874997
9.0 6.387007157217502
9.5 6.380065726984994
10.0 6.372925196916365
10.5 6.365600403924521
11.0 6.358105637511455
11.5 6.350454529263773
12.0 6.3426599416387655
12.5 6.334733856251067
13.0 6.326687261869985
13.5 6.318530042337562
14.0 6.31027086461742
14.5 6.301917067184491
15.0 6.293474548965634
15.5 6.284947659041279
16.0 6.276339087318117
16.5 6.2676497563828875
17.0 6.258878714747388
17.5 6.250023031694711
18.0 6.241077693936812
18.5 6.232035504293441
19.0 6.222886982602552
19.5 6.213620269072191
20.0 6.204221030283987
20.5 6.194672368058276
21.0 6.18495473139093
21.5 6.175045831671976
22.0 6.164920561396031
22.5 6.154550916574659
23.0 6.143905923060696
23.5 6.1329515669945955
24.0 6.121650729582896
24.5 6.109963126418831
25.0 6.097845251555196
25.5 6.085250326539478
26.0 6.0721282546213775
26.5 6.058425580342748
27.0 6.044085454720007
27.5 6.029047606229137
28.0 6.013248317803278
28.5 5.99662041005304
29.0 5.979093230919528
29.5 5.960592651970228
30.0 5.941041071547739
30.5 5.920357424981479
31.0 5.898457202072396
31.5 5.875252472060752
32.0 5.850651916287066
32.5 5.82456086875625
33.0 5.79688136481503
33.5 5.76751219815271
34.0 5.736348986335333
34.5 5.70328424508331
35.0 5.668207471502607
35.5 5.6310052364795
36.0 5.591561286449027
36.5 5.549756654747148
37.0 5.5054697827567285
37.5 5.4585766510573475
38.0 5.408950920789076
38.5 5.356464085440213
39.0 5.300985633269105
39.5 5.242383220570067
