0.0 0.0
0.01 0.00547
0.02 0.01092
0.03 0.01635
0.04 0.02176
0.05 0.02715
0.06 0.03252
0.07 0.03789
0.08 0.04324
0.09 0.04858
0.1 0.05391
0.11 0.05923
0.12 0.06454
0.13 0.06985
0.14 0.07515
0.15 0.08044
0.16 0.08574
0.17 0.09102
0.18 0.0963
0.19 0.10158
0.2 0.10685
0.21 0.11211
0.22 0.11737
0.23 0.12263
0.24 0.12787
0.25 0.13312
0.26 0.13835
0.27 0.14357
0.28 0.14879
0.29 0.154
0.3 0.15919
0.31 0.16438
0.32 0.16955
0.33 0.1747
0.34 0.17985
0.35 0.18497
0.36 0.19008
0.37 0.19516
0.38 0.20023
0.39 0.20527
0.4 0.2103
0.41 0.21529
0.42 0.22026
0.43 0.2252
0.44 0.23011
0.45 0.23499
0.46 0.23983
0.47 0.24464
0.48 0.24942
0.49 0.25415
0.5 0.25885
0.51 0.2635
0.52 0.26811
0.53 0.27268
0.54 0.2772
0.55 0.28167
0.56 0.28609
0.57 0.29046
0.58 0.29477
0.59 0.29904
0.6 0.30324
0.61 0.30739
0.62 0.31147
0.63 0.3155
0.64 0.31946
0.65 0.32336
0.66 0.32719
0.67 0.33096
0.68 0.33466
0.69 0.33828
0.7 0.34184
0.71 0.34532
0.72 0.34873
0.73 0.35207
0.74 0.35533
0.75 0.35851
0.76 0.36162
0.77 0.36464
0.78 0.36758
0.79 0.37045
0.8 0.37323
0.81 0.37592
0.82 0.37854
0.83 0.38107
0.84 0.38351
0.85 0.38587
0.86 0.38814
0.87 0.39032
0.88 0.39242
0.89 0.39442
0.9 0.39634
0.91 0.39817
0.92 0.39991
0.93 0.40156
0.94 0.40312
0.95 0.40459
0.96 0.40597
0.97 0.40725
0.98 0.40845
0.99 0.40956
1.0 0.41057
1.01 0.4115
1.02 0.41234
1.03 0.41308
1.04 0.41374
1.05 0.4143
1.06 0.41478
1.07 0.41517
1.08 0.41546
1.09 0.41568
1.1 0.4158
1.11 0.41583
1.12 0.41578
1.13 0.41564
1.14 0.41542
1.15 0.41511
1.16 0.41472
1.17 0.41425
1.18 0.41369
1.19 0.41305
1.2 0.41233
1.21 0.41153
1.22 0.41065
1.23 0.40969
1.24 0.40866
1.25 0.40754
1.26 0.40636
1.27 0.4051
1.28 0.40376
1.29 0.40235
1.3 0.40088
1.31 0.39933
1.32 0.39771
1.33 0.39603
1.34 0.39428
1.35 0.39246
1.36 0.39058
1.37 0.38864
1.38 0.38663
1.39 0.38457
1.4 0.38244
1.41 0.38026
1.42 0.37802
1.43 0.37573
1.44 0.37338
1.45 0.37098
1.46 0.36852
1.47 0.36602
1.48 0.36347
1.49 0.36087
1.5 0.35823
1.51 0.35554
1.52 0.35281
1.53 0.35003
1.54 0.34722
1.55 0.34436
1.56 0.34147
1.57 0.33854
1.58 0.33557
1.59 0.33257
1.6 0.32954
1.61 0.32648
1.62 0.32338
1.63 0.32026
1.64 0.31711
1.65 0.31393
1.66 0.31073
1.67 0.30751
1.68 0.30426
1.69 0.30099
1.7 0.2977
1.71 0.29439
1.72 0.29107
1.73 0.28773
1.74 0.28437
1.75 0.281
1.76 0.27762
1.77 0.27422
1.78 0.27082
1.79 0.2674
1.8 0.26398
1.81 0.26055
1.82 0.25712
1.83 0.25368
1.84 0.25023
1.85 0.24679
1.86 0.24334
1.87 0.23989
1.88 0.23644
1.89 0.23299
1.9 0.22955
1.91 0.22611
1.92 0.22267
1.93 0.21924
1.94 0.21582
1.95 0.2124
1.96 0.209
1.97 0.2056
1.98 0.20221
1.99 0.19883
2.0 0.19546
2.01 0.19211
2.02 0.18877
2.03 0.18544
2.04 0.18213
2.05 0.17884
2.06 0.17556
2.07 0.1723
2.08 0.16905
2.09 0.16583
2.1 0.16262
2.11 0.15944
2.12 0.15628
2.13 0.15313
2.14 0.15002
2.15 0.14692
2.16 0.14385
2.17 0.1408
2.18 0.13778
2.19 0.13478
2.2 0.13181
2.21 0.12886
2.22 0.12595
2.23 0.12306
2.24 0.1202
2.25 0.11736
2.26 0.11456
2.27 0.11179
2.28 0.10905
2.29 0.10633
2.3 0.10365
2.31 0.10101
2.32 0.09839
2.33 0.09581
2.34 0.09326
2.35 0.09074
2.36 0.08825
2.37 0.08581
2.38 0.08339
2.39 0.08101
2.4 0.07867
2.41 0.07636
2.42 0.07408
2.43 0.07185
2.44 0.06965
2.45 0.06748
2.46 0.06535
2.47 0.06326
2.48 0.06121
2.49 0.05919
2.5 0.05721
2.51 0.05527
2.52 0.05337
2.53 0.0515
2.54 0.04968
2.55 0.04789
2.56 0.04613
2.57 0.04442
2.58 0.04274
2.59 0.04111
2.6 0.03951
2.61 0.03795
2.62 0.03642
2.63 0.03494
2.64 0.03349
2.65 0.03208
2.66 0.0307
2.67 0.02937
2.68 0.02807
2.69 0.02681
2.7 0.02558
2.71 0.02439
2.72 0.02324
2.73 0.02212
2.74 0.02104
2.75 0.01999
2.76 0.01898
2.77 0.018
2.78 0.01705
2.79 0.01614
2.8 0.01526
2.81 0.01441
2.82 0.0136
2.83 0.01281
2.84 0.01206
2.85 0.01133
2.86 0.01064
2.87 0.00997
2.88 0.00934
2.89 0.00873
2.9 0.00814
2.91 0.00759
2.92 0.00705
2.93 0.00655
2.94 0.00606
2.95 0.0056
2.96 0.00516
2.97 0.00474
2.98 0.00435
2.99 0.00397
4.0 0.0
