-40.0 7.989658166743478
-39.5 8.184187859883313
-39.0 8.361771962179185
-38.5 8.523742300838794
-38.0 8.671356431402481
-37.5 8.805800369031175
-37.0 8.928191259689786
-36.5 9.039579991824395
-36.0 9.140953749131551
-35.5 9.233238505018095
-35.0 9.31730145934978
-34.5 9.393953418087111
-34.0 9.463951116406705
-33.5 9.527999485906545
-33.0 9.586753866493469
-32.5 9.640822163551245
-32.0 9.690766950987603
-31.5 9.737107520758542
-31.0 9.780321879468271
-30.5 9.820848692643159
-30.0 9.859089177278015
-29.5 9.895408943253056
-29.0 9.930139784219936
-28.5 9.963581418555142
-28.0 9.996003180979145
-27.5 10.027645665439666
-27.0 10.058722319857328
-26.5 10.089420993332173
-26.0 10.119905436409267
-25.5 10.150316755001839
-25.0 10.180774818570233
-24.5 10.21137962315509
-24.0 10.242212609863035
-23.5 10.273337939403307
-23.0 10.304803723273599
-22.5 10.33664321219352
-22.0 10.368875942383983
-21.5 10.401508840290916
-21.0 10.4345372863516
-20.5 10.467946138402025
-20.0 10.501710715323572
-19.5 10.535797741527436
-19.0 10.570166252875033
-18.5 10.604768464632896
-18.0 10.639550602060242
-17.5 10.67445369422768
-17.0 10.70941433166538
-16.5 10.744365388439011
-16.0 10.779236709251862
-15.5 10.813955762171464
-15.0 10.848448257579033
-14.5 10.882638733940173
-14.0 10.916451110995082
-13.5 10.949809210966695
-13.0 10.982637248385071
-12.5 11.014860289126391
-12.0 11.046404679264894
-11.5 11.077198444336169
-11.0 11.10717165961003
-10.5 11.136256791971475
-10.0 11.164389014007954
-9.5 11.191506490901357
-9.0 11.21755064072307
-8.5 11.24246636873044
-8.0 11.266202276262987
-7.5 11.288710844836737
-7.0 11.309948596035017
-6.5 11.329876227794061
-6.0 11.348458727681766
-5.5 11.36566546376798
-5.0 11.381470253684629
-4.5 11.39585141247409
-4.0 11.408791779824082
-3.5 11.420278727287522
-3.0 11.430304146085602
-2.5 11.438864416092505
-2.0 11.445960356600086
-1.5 11.451597159460858
-1.0 11.455784305207638
-0.5 11.45853546274824
0.0 11.459868373233501
0.5 11.459804718697049
1.0 11.45836997606512
1.5 11.455593257134803
2.0 11.451507135119058
2.5 11.446147458356842
3.0 11.439553151786713
3.5 11.431766006782249
4.0 11.422830459947647
4.5 11.412793361471817
5.0 11.401703733639383
5.5 11.389612520096888
6.0 11.376572326472559
6.5 11.36263715294801
7.0 11.347862119380235
7.5 11.332303183572163
8.0 11.316016853290272
8.5 11.299059892627454
9.0 11.281489023309595
9.5 11.26336062154417
10.0 11.244730411009202
10.5 11.225653152580977
11.0 11.206182331398791
11.5 11.186369841865172
12.0 11.166265671179838
12.5 11.145917582005813
13.0 11.125370794866
13.5 11.1046676708686
14.0 11.083847395359692
14.5 11.062945663101353
15.0 11.041994365573665
15.5 11.02102128099893
16.0 11.000049767686498
16.5 10.979098461296484
17.0 10.958180976620815
17.5 10.937305614479861
18.0 10.91647507433308
18.5 10.895686173201996
19.0 10.874929571503841
19.5 10.854189506394246
20.0 10.833443533217302
20.5 10.81266227566138
21.0 10.791809185218996
21.5 10.770840310549183
22.0 10.749704077340542
22.5 10.728341079273536
23.0 10.706683880680194
23.5 10.684656831499696
24.0 10.66217589512814
24.5 10.639148489760817
25.0 10.615473343825409
25.5 10.59104036610442
26.0 10.565730531145155
26.5 10.539415780555725
27.0 10.511958940785245
27.5 10.48321365798674
28.0 10.453024350561002
28.5 10.421226179979831
29.0 10.38764504048692
29.5 10.35209756827481
30.0 10.314391170736243
30.5 10.274324076388234
31.0 10.231685406067253
31.5 10.186255265993854
32.0 10.137804863305087
32.5 10.086096644653058
33.0 10.030884458468005
33.5 9.971913741484162
34.0 9.908921730126906
34.5 9.841637697359364
35.0 9.769783215586981
35.5 9.693072446218293
36.0 9.611212456480327
36.5 9.523903564086927
37.0 9.4308397103584
37.5 9.331708862390798
38.0 9.226193444873186
38.5 9.113970802151297
39.0 8.994713691135857
39.5 8.868090805653964
