0.012360644161198427
0.05367468440700461
0.09495648698066421
0.13624984185480693
0.1775975099802019
0.21904165473529053
0.2606242514054944
0.3023874714451069
0.3443740762142273
0.3866278106570608
0.4291938030593172
0.4721190221229939
0.5154527086406184
0.5592469535765316
0.6035572501247822
0.6484431808914419
0.6939692107315586
0.7402056249902872
0.7872295931873157
0.8351265661743332
0.883991836754029
0.9339326269016249
0.9850705543403816
1.0375448654067707
1.0915165688249704
1.1471737802910782
1.2047389608613566
1.2644786298160573
1.3267168922263928
1.3918546401141478
1.4603978269866582
1.5330003044868268
1.6105317762762514
1.694191336739356
1.7857101984853916
1.8877465419185036
2.0047533954512193
2.1452597701066245
2.330024755528775
2.6556331744090556
3.928817052203935
4.115549455073008
4.240983216326467
4.338926999345923
4.420635870694662
4.491427738158594
4.554288553302039
4.611081960595437
4.663058256043973
4.711101604364701
4.75586286268055
4.797836569831101
4.837408417484833
4.874885455170289
4.910516762859547
4.944507286873306
4.977028074819562
5.008223444264179
5.038216436381366
5.067112773724347
5.095004280731317
5.121971087971493
5.148083532561562
5.173403945689196
5.197987674181055
5.221884178999977
5.245137795912945
5.267788583175284
5.289872696112554
5.311422956523575
5.332469374442648
5.353039235974134
5.37315760746102
5.392847594147926
5.412130349917027
5.4310254836184235
5.449551202220981
5.467724289528529
5.485560409393424
5.5030741225975115
5.5202790522618335
5.537187930426625
5.553812635828313
5.570164331421695
5.586253462399798
5.602089937346953
5.617683021456781
5.633041468262428
5.648173542370172
5.663087056109273
5.677789399259893
5.69228758501388
5.706588257148269
5.7206977078016275
5.734621944327885
5.74836667906453
5.761937286048724
5.775339013950885
5.788576739025897
5.801655194955056
5.814578873673449
5.827352074941281
5.83997891226197
5.852463323747034
5.864809082205209
5.877019804500446
5.889098966945274
5.901049888473039
5.912875773156184
5.924579681605892
5.93616459404394
5.947633343973694
5.9589886703674
5.9702332096785815
5.981369503313089
5.992400001555978
6.0033270679874775
6.014152983630573
6.024879950849749
6.03551009701875
6.0460454779737205
6.05648808126674
6.066839829233605
6.07710258188849
6.087278139657234
6.0973682459599985
6.107374589653242
6.117298807340214
6.127142485558418
6.136907162851932
6.14659433324554
6.156205458439539
6.165741911155601
3.011560229534615
3.0115602930772853
3.0115602066966987
3.011560254140583
3.011560211385708
3.0115602579516403
3.0115602598353934
3.011560216776101
3.0115602185277406
3.0115601750233094
3.0115602212263486
3.0115602664400596
3.011560267801759
3.0115601788403357
3.011560149990358
3.011560269639727
3.011560275140796
3.01156031973032
3.011560274852434
3.011560230266611
3.0115602833559945
3.0115601857295426
3.0115601852877734
3.0115602299811646
3.011560274067641
3.0115602744569783
3.0115602744913863
