-70.0 1.74146097614e-11 1.08842932166e-11
-68.0 2.24938765382e-11 7.54607064396e-12
-66.0 4.46034675674e-11 3.31923705612e-12
-64.0 5.98258006762e-11 1.78444915731e-11
-62.0 1.37987861783e-10 9.22949199117e-12
-60.0 2.4983719754e-10 1.34332836849e-11
-58.0 3.74440955214e-10 1.20076189368e-11
-56.0 5.21089931278e-10 1.62035859279e-11
-54.0 6.72424185001e-10 1.25974297478e-11
-52.0 8.68392954654e-10 1.62950119853e-11
-50.0 1.06165157135e-09 1.22194121816e-11
-48.0 1.26967611211e-09 1.30033361571e-11
-46.0 1.47096518961e-09 8.70265572218e-12
-44.0 1.72797249163e-09 1.07889350836e-11
-42.0 1.95386163077e-09 9.78492665633e-12
-40.0 2.13992980869e-09 2.50236940038e-11
-38.0 2.29778363952e-09 2.13342509973e-11
-36.0 2.45085723067e-09 1.98245823775e-11
-34.0 2.58570954897e-09 1.65602850949e-11
-32.0 2.59423243839e-09 5.57838477453e-12
-30.0 2.65375791782e-09 2.75733158289e-11
-28.0 2.70290916878e-09 1.85915556065e-11
-26.0 2.70284132513e-09 2.48422140048e-11
-24.0 2.75925545271e-09 2.06759860137e-11
-22.0 2.77873694303e-09 2.48983288822e-11
-20.0 2.81353864302e-09 1.57518277839e-11
-18.0 2.83190692763e-09 2.22087499338e-11
-16.0 2.86483246565e-09 1.50506388671e-11
-14.0 2.87689115619e-09 1.99085533322e-11
-12.0 2.89191145847e-09 2.05475456469e-11
-10.0 2.90336603442e-09 2.54448343701e-11
-8.0 2.91378007617e-09 2.02365934638e-11
-6.0 2.87803444375e-09 2.21357498974e-11
-4.0 2.91191831789e-09 2.19636713329e-11
-2.0 2.90692643788e-09 1.37995575436e-11
0.0 2.88190424776e-09 1.64453978533e-11
2.0 2.91299781447e-09 1.52568717037e-11
4.0 2.88769375199e-09 2.04173428389e-11
6.0 2.88118130154e-09 1.98299088074e-11
8.0 2.87809023958e-09 1.45373091361e-11
10.0 2.86151283105e-09 1.61243133381e-11
12.0 2.85004137503e-09 1.61187606674e-11
14.0 2.82333953959e-09 1.15566452638e-11
16.0 2.80296083023e-09 2.20962270203e-11
18.0 2.78429911102e-09 2.49612405014e-11
20.0 2.75759541988e-09 1.32998855859e-11
22.0 2.7116121857e-09 1.84059610587e-11
24.0 2.69135072631e-09 2.6317127696e-11
26.0 2.66704658996e-09 1.33712762535e-11
28.0 2.62097961944e-09 1.22504382404e-11
30.0 2.57750947024e-09 1.0058512946e-11
32.0 2.51150688272e-09 1.52734531615e-11
34.0 2.46111979108e-09 7.42434251049e-12
36.0 2.3516971318e-09 2.68706194119e-11
38.0 2.19351824282e-09 7.85522258898e-12
40.0 1.99512125208e-09 1.40142817179e-11
42.0 1.76853958211e-09 1.72945386162e-11
44.0 1.56748154045e-09 9.66467242489e-12
46.0 1.35447864736e-09 8.44617273938e-12
48.0 1.15271940656e-09 1.41859045647e-11
50.0 9.48459740147e-10 1.41652849284e-11
52.0 7.55956367066e-10 2.13460565265e-11
54.0 5.88903378982e-10 7.31602889071e-12
56.0 4.39148269896e-10 1.03198460064e-11
58.0 3.18040181303e-10 6.45041088599e-12
60.0 2.01924533874e-10 7.8500479421e-12
62.0 1.19397919944e-10 5.10464705377e-12
64.0 5.93026681986e-11 5.73868289741e-12
66.0 2.36666727244e-11 5.43983340842e-12
68.0 3.35468383729e-11 5.6037947581e-12
70.0 3.21144497201e-11 1.67294484681e-12
